inf   0
1   -nan
0.5   0.000976538
0.333333   0.0411305
0.25   0.190314
0.2   0.424453
0.166667   0.694818
0.142857   0.966704
0.125   1.22616
0.111111   1.46713
0.1   1.68942
0.0909091   1.89395
0.0833333   2.08272
0.0769231   2.25755
0.0714286   2.42025
0.0666667   2.57239
0.0625   2.71532
0.0588235   2.85019
0.0555556   2.97801
0.0526316   3.0996
0.05   3.21568
0.047619   3.32685
0.0454545   3.43362
0.0434783   3.53645
0.0416667   3.6357
0.04   3.73171
0.0384615   3.82477
0.037037   3.91512
0.0357143   4.00298
0.0344828   4.08855
0.0333333   4.172
0.0322581   4.25347
0.03125   4.33311
0.030303   4.41103
0.0294118   4.48734
0.0285714   4.56215
0.0277778   4.63553
0.027027   4.70758
0.0263158   4.77836
0.025641   4.84794
0.025   4.91639
0.0243902   4.98376
0.0238095   5.0501
0.0232558   5.11545
0.0227273   5.17987
0.0222222   5.2434
0.0217391   5.30607
0.0212766   5.36792
0.0208333   5.42898
0.0204082   5.48928
0.02   5.54886
0.0196078   5.60773
0.0192308   5.66593
0.0188679   5.72348
0.0185185   5.78039
0.0181818   5.8367
0.0178571   5.89242
0.0175439   5.94758
0.0172414   6.00218
0.0169492   6.05625
0.0166667   6.10979
0.0163934   6.16284
0.016129   6.2154
0.015873   6.26749
0.015625   6.31911
0.0153846   6.37029
0.0151515   6.42103
0.0149254   6.47134
0.0147059   6.52124
0.0144928   6.57074
0.0142857   6.61985
0.0140845   6.66857
0.0138889   6.71691
0.0136986   6.76489
0.0135135   6.81252
0.0133333   6.85979
0.0131579   6.90672
0.012987   6.95332
0.0128205   6.9996
0.0126582   7.04555
0.0125   7.0912
0.0123457   7.13653
0.0121951   7.18157
0.0120482   7.22631
0.0119048   7.27077
0.0117647   7.31494
0.0116279   7.35884
0.0114943   7.40246
0.0113636   7.44582
0.011236   7.48892
0.0111111   7.53176
0.010989   7.57435
0.0108696   7.61669
0.0107527   7.65879
0.0106383   7.70066
0.0105263   7.74228
0.0104167   7.78368
0.0103093   7.82485
0.0102041   7.8658
0.010101   7.90653
0.01   7.94704
0.00990099   7.98734
0.00980392   8.02743
0.00970874   8.06732
0.00961538   8.107
0.00952381   8.14649
0.00943396   8.18578
0.00934579   8.22488
0.00925926   8.26378
0.00917431   8.3025
0.00909091   8.34104
0.00900901   8.37939
0.00892857   8.41757
0.00884956   8.45556
0.00877193   8.49339
0.00869565   8.53104
0.00862069   8.56852
0.00854701   8.60583
0.00847458   8.64298
0.00840336   8.67997
0.00833333   8.71679
0.00826446   8.75346
0.00819672   8.78997
0.00813008   8.82633
0.00806452   8.86254
0.008   8.89859
0.00793651   8.9345
0.00787402   8.97025
0.0078125   9.00587
0.00775194   9.04134
0.00769231   9.07667
0.00763359   9.11186
0.00757576   9.14691
0.0075188   9.18183
0.00746269   9.21661
0.00740741   9.25126
0.00735294   9.28578
0.00729927   9.32016
0.00724638   9.35442
0.00719424   9.38855
0.00714286   9.42256
0.0070922   9.45644
0.00704225   9.49019
0.00699301   9.52383
0.00694444   9.55735
0.00689655   9.59074
0.00684932   9.62402
0.00680272   9.65719
0.00675676   9.69023
0.00671141   9.72317
0.00666667   9.75599
0.00662252   9.7887
0.00657895   9.8213
0.00653595   9.85379
0.00649351   9.88617
0.00645161   9.91844
0.00641026   9.95061
0.00636943   9.98267
0.00632911   10.0146
0.00628931   10.0465
0.00625   10.0782
0.00621118   10.1099
0.00617284   10.1414
0.00613497   10.1729
0.00609756   10.2043
0.00606061   10.2355
0.0060241   10.2667
0.00598802   10.2977
0.00595238   10.3287
0.00591716   10.3596
0.00588235   10.3904
0.00584795   10.4211
0.00581395   10.4517
0.00578035   10.4822
0.00574713   10.5126
0.00571429   10.5429
0.00568182   10.5732
0.00564972   10.6033
0.00561798   10.6334
0.00558659   10.6634
0.00555556   10.6933
0.00552486   10.7231
0.00549451   10.7529
0.00546448   10.7825
0.00543478   10.8121
0.00540541   10.8416
0.00537634   10.871
0.00534759   10.9003
0.00531915   10.9295
0.00529101   10.9587
0.00526316   10.9878
0.0052356   11.0168
0.00520833   11.0458
0.00518135   11.0746
0.00515464   11.1034
0.00512821   11.1321
0.00510204   11.1607
0.00507614   11.1893
0.00505051   11.2178
0.00502513   11.2462
0.005   11.2745
0.00497512   11.3028
0.0049505   11.331
0.00492611   11.3591
0.00490196   11.3872
0.00487805   11.4152
0.00485437   11.4431
0.00483092   11.471
0.00480769   11.4987
0.00478469   11.5265
0.0047619   11.5541
0.00473934   11.5817
0.00471698   11.6092
0.00469484   11.6367
0.0046729   11.664
0.00465116   11.6914
0.00462963   11.7186
0.00460829   11.7458
0.00458716   11.7729
0.00456621   11.8
0.00454545   11.827
0.00452489   11.854
0.0045045   11.8808
0.0044843   11.9077
0.00446429   11.9344
0.00444444   11.9611
0.00442478   11.9878
0.00440529   12.0143
0.00438596   12.0409
0.00436681   12.0673
0.00434783   12.0937
0.004329   12.1201
0.00431034   12.1464
0.00429185   12.1726
0.0042735   12.1988
0.00425532   12.2249
0.00423729   12.251
0.00421941   12.277
0.00420168   12.3029
0.0041841   12.3288
0.00416667   12.3547
0.00414938   12.3804
0.00413223   12.4062
0.00411523   12.4319
0.00409836   12.4575
0.00408163   12.4831
0.00406504   12.5086
0.00404858   12.534
0.00403226   12.5595
0.00401606   12.5848
0.004   12.6101
0.00398406   12.6354
0.00396825   12.6606
0.00395257   12.6858
0.00393701   12.7109
0.00392157   12.736
0.00390625   12.761
0.00389105   12.7859
0.00387597   12.8109
0.003861   12.8357
0.00384615   12.8605
0.00383142   12.8853
0.00381679   12.91
0.00380228   12.9347
0.00378788   12.9593
0.00377358   12.9839
0.0037594   13.0084
0.00374532   13.0329
0.00373134   13.0574
0.00371747   13.0818
0.0037037   13.1061
0.00369004   13.1304
0.00367647   13.1547
0.003663   13.1789
0.00364964   13.2031
0.00363636   13.2272
0.00362319   13.2513
0.00361011   13.2753
0.00359712   13.2993
0.00358423   13.3233
0.00357143   13.3472
0.00355872   13.371
0.0035461   13.3949
0.00353357   13.4186
0.00352113   13.4424
0.00350877   13.4661
0.0034965   13.4897
0.00348432   13.5133
0.00347222   13.5369
0.00346021   13.5604
0.00344828   13.5839
0.00343643   13.6074
0.00342466   13.6308
0.00341297   13.6541
0.00340136   13.6775
0.00338983   13.7008
0.00337838   13.724
0.003367   13.7472
0.0033557   13.7704
0.00334448   13.7935
0.00333333   13.8166
0.00332226   13.8397
0.00331126   13.8627
0.00330033   13.8856
0.00328947   13.9086
0.00327869   13.9315
0.00326797   13.9543
0.00325733   13.9772
0.00324675   14
0.00323625   14.0227
0.00322581   14.0454
0.00321543   14.0681
0.00320513   14.0907
0.00319489   14.1133
0.00318471   14.1359
0.0031746   14.1584
0.00316456   14.1809
0.00315457   14.2034
0.00314465   14.2258
0.0031348   14.2482
0.003125   14.2705
0.00311526   14.2929
0.00310559   14.3151
0.00309598   14.3374
0.00308642   14.3596
0.00307692   14.3818
0.00306748   14.4039
0.0030581   14.426
0.00304878   14.4481
0.00303951   14.4702
0.0030303   14.4922
0.00302115   14.5141
0.00301205   14.5361
0.003003   14.558
0.00299401   14.5799
0.00298507   14.6017
0.00297619   14.6235
0.00296736   14.6453
0.00295858   14.6671
0.00294985   14.6888
0.00294118   14.7104
0.00293255   14.7321
0.00292398   14.7537
0.00291545   14.7753
0.00290698   14.7969
0.00289855   14.8184
0.00289017   14.8399
0.00288184   14.8613
0.00287356   14.8828
0.00286533   14.9042
0.00285714   14.9255
0.002849   14.9469
0.00284091   14.9682
0.00283286   14.9894
0.00282486   15.0107
0.0028169   15.0319
0.00280899   15.0531
0.00280112   15.0742
0.0027933   15.0954
0.00278552   15.1165
0.00277778   15.1375
0.00277008   15.1586
0.00276243   15.1796
0.00275482   15.2006
0.00274725   15.2215
0.00273973   15.2424
0.00273224   15.2633
0.0027248   15.2842
0.00271739   15.305
0.00271003   15.3258
0.0027027   15.3466
0.00269542   15.3674
0.00268817   15.3881
0.00268097   15.4088
0.0026738   15.4294
0.00266667   15.4501
0.00265957   15.4707
0.00265252   15.4913
0.0026455   15.5118
0.00263852   15.5324
0.00263158   15.5529
0.00262467   15.5733
0.0026178   15.5938
0.00261097   15.6142
0.00260417   15.6346
0.0025974   15.655
0.00259067   15.6753
0.00258398   15.6956
0.00257732   15.7159
0.00257069   15.7362
0.0025641   15.7564
0.00255754   15.7766
0.00255102   15.7968
0.00254453   15.817
0.00253807   15.8371
0.00253165   15.8572
0.00252525   15.8773
0.00251889   15.8973
0.00251256   15.9174
0.00250627   15.9374
0.0025   15.9574
0.00249377   15.9773
0.00248756   15.9972
0.00248139   16.0172
0.00247525   16.037
0.00246914   16.0569
0.00246305   16.0767
0.002457   16.0965
0.00245098   16.1163
0.00244499   16.1361
0.00243902   16.1558
0.00243309   16.1755
0.00242718   16.1952
0.00242131   16.2149
0.00241546   16.2345
0.00240964   16.2541
0.00240385   16.2737
0.00239808   16.2933
0.00239234   16.3128
0.00238663   16.3323
0.00238095   16.3518
0.0023753   16.3713
0.00236967   16.3908
0.00236407   16.4102
0.00235849   16.4296
0.00235294   16.449
0.00234742   16.4683
0.00234192   16.4877
0.00233645   16.507
0.002331   16.5263
0.00232558   16.5455
0.00232019   16.5648
0.00231481   16.584
0.00230947   16.6032
0.00230415   16.6224
0.00229885   16.6415
0.00229358   16.6607
0.00228833   16.6798
0.00228311   16.6989
0.0022779   16.718
0.00227273   16.737
0.00226757   16.756
0.00226244   16.775
0.00225734   16.794
0.00225225   16.813
0.00224719   16.8319
0.00224215   16.8508
0.00223714   16.8697
0.00223214   16.8886
0.00222717   16.9075
0.00222222   16.9263
0.00221729   16.9451
0.00221239   16.9639
0.00220751   16.9827
0.00220264   17.0014
0.0021978   17.0201
0.00219298   17.0389
0.00218818   17.0575
0.00218341   17.0762
0.00217865   17.0949
0.00217391   17.1135
0.0021692   17.1321
0.0021645   17.1507
0.00215983   17.1692
0.00215517   17.1878
0.00215054   17.2063
0.00214592   17.2248
0.00214133   17.2433
0.00213675   17.2618
0.0021322   17.2802
0.00212766   17.2986
0.00212314   17.3171
0.00211864   17.3354
0.00211416   17.3538
0.0021097   17.3722
0.00210526   17.3905
0.00210084   17.4088
0.00209644   17.4271
0.00209205   17.4454
0.00208768   17.4636
0.00208333   17.4818
0.002079   17.5001
0.00207469   17.5183
0.00207039   17.5364
0.00206612   17.5546
0.00206186   17.5727
0.00205761   17.5909
0.00205339   17.609
0.00204918   17.627
0.00204499   17.6451
0.00204082   17.6631
0.00203666   17.6812
0.00203252   17.6992
0.0020284   17.7172
0.00202429   17.7351
0.0020202   17.7531
0.00201613   17.771
0.00201207   17.789
0.00200803   17.8069
0.00200401   17.8247
0.002   17.8426
0.00199601   17.8604
0.00199203   17.8783
0.00198807   17.8961
0.00198413   17.9139
0.0019802   17.9317
0.00197628   17.9494
0.00197239   17.9671
0.0019685   17.9849
0.00196464   18.0026
0.00196078   18.0203
0.00195695   18.0379
0.00195312   18.0556
0.00194932   18.0732
0.00194553   18.0908
0.00194175   18.1084
0.00193798   18.126
0.00193424   18.1436
0.0019305   18.1611
0.00192678   18.1787
0.00192308   18.1962
0.00191939   18.2137
0.00191571   18.2312
0.00191205   18.2486
0.0019084   18.2661
0.00190476   18.2835
0.00190114   18.3009
0.00189753   18.3183
0.00189394   18.3357
0.00189036   18.3531
0.00188679   18.3704
0.00188324   18.3878
0.0018797   18.4051
0.00187617   18.4224
0.00187266   18.4397
0.00186916   18.4569
0.00186567   18.4742
0.0018622   18.4914
0.00185874   18.5086
0.00185529   18.5258
0.00185185   18.543
0.00184843   18.5602
0.00184502   18.5774
0.00184162   18.5945
0.00183824   18.6116
0.00183486   18.6287
0.0018315   18.6458
0.00182815   18.6629
0.00182482   18.68
0.00182149   18.697
0.00181818   18.714
0.00181488   18.7311
0.00181159   18.7481
0.00180832   18.765
0.00180505   18.782
0.0018018   18.799
0.00179856   18.8159
0.00179533   18.8328
0.00179211   18.8497
0.00178891   18.8666
0.00178571   18.8835
0.00178253   18.9004
0.00177936   18.9172
0.0017762   18.934
0.00177305   18.9509
0.00176991   18.9677
0.00176678   18.9844
0.00176367   19.0012
0.00176056   19.018
0.00175747   19.0347
0.00175439   19.0514
0.00175131   19.0682
0.00174825   19.0849
0.0017452   19.1015
0.00174216   19.1182
0.00173913   19.1349
0.00173611   19.1515
0.0017331   19.1681
0.0017301   19.1847
0.00172712   19.2013
0.00172414   19.2179
0.00172117   19.2345
0.00171821   19.251
0.00171527   19.2676
0.00171233   19.2841
0.0017094   19.3006
0.00170648   19.3171
0.00170358   19.3336
0.00170068   19.3501
0.00169779   19.3665
0.00169492   19.383
0.00169205   19.3994
0.00168919   19.4158
0.00168634   19.4322
0.0016835   19.4486
0.00168067   19.465
0.00167785   19.4813
0.00167504   19.4977
0.00167224   19.514
0.00166945   19.5303
0.00166667   19.5466
0.00166389   19.5629
0.00166113   19.5792
0.00165837   19.5954
0.00165563   19.6117
0.00165289   19.6279
0.00165017   19.6442
0.00164745   19.6604
0.00164474   19.6766
0.00164204   19.6927
0.00163934   19.7089
0.00163666   19.7251
0.00163399   19.7412
0.00163132   19.7573
0.00162866   19.7735
0.00162602   19.7896
0.00162338   19.8056
0.00162075   19.8217
0.00161812   19.8378
0.00161551   19.8538
0.0016129   19.8699
0.00161031   19.8859
0.00160772   19.9019
0.00160514   19.9179
0.00160256   19.9339
0.0016   19.9499
0.00159744   19.9658
0.0015949   19.9818
0.00159236   19.9977
0.00158983   20.0136
0.0015873   20.0296
0.00158479   20.0454
0.00158228   20.0613
0.00157978   20.0772
0.00157729   20.0931
0.0015748   20.1089
0.00157233   20.1247
0.00156986   20.1406
0.0015674   20.1564
0.00156495   20.1722
0.0015625   20.188
0.00156006   20.2037
0.00155763   20.2195
0.00155521   20.2352
0.0015528   20.251
0.00155039   20.2667
0.00154799   20.2824
0.0015456   20.2981
0.00154321   20.3138
0.00154083   20.3295
0.00153846   20.3451
0.0015361   20.3608
0.00153374   20.3764
0.00153139   20.392
0.00152905   20.4077
0.00152672   20.4233
0.00152439   20.4389
0.00152207   20.4544
0.00151976   20.47
0.00151745   20.4856
0.00151515   20.5011
0.00151286   20.5166
0.00151057   20.5321
0.0015083   20.5477
0.00150602   20.5632
0.00150376   20.5786
0.0015015   20.5941
0.00149925   20.6096
0.00149701   20.625
0.00149477   20.6405
0.00149254   20.6559
0.00149031   20.6713
0.0014881   20.6867
0.00148588   20.7021
0.00148368   20.7175
0.00148148   20.7328
0.00147929   20.7482
0.0014771   20.7636
0.00147493   20.7789
0.00147275   20.7942
0.00147059   20.8095
0.00146843   20.8248
0.00146628   20.8401
0.00146413   20.8554
0.00146199   20.8707
0.00145985   20.8859
0.00145773   20.9012
0.0014556   20.9164
0.00145349   20.9316
0.00145138   20.9468
0.00144928   20.962
0.00144718   20.9772
0.00144509   20.9924
0.001443   21.0076
0.00144092   21.0227
0.00143885   21.0379
0.00143678   21.053
0.00143472   21.0681
0.00143266   21.0832
0.00143062   21.0983
0.00142857   21.1134
0.00142653   21.1285
0.0014245   21.1436
0.00142248   21.1587
0.00142045   21.1737
0.00141844   21.1887
0.00141643   21.2038
0.00141443   21.2188
0.00141243   21.2338
0.00141044   21.2488
0.00140845   21.2638
0.00140647   21.2787
0.00140449   21.2937
0.00140252   21.3087
0.00140056   21.3236
0.0013986   21.3385
0.00139665   21.3535
0.0013947   21.3684
0.00139276   21.3833
0.00139082   21.3982
0.00138889   21.413
0.00138696   21.4279
0.00138504   21.4428
0.00138313   21.4576
0.00138122   21.4725
0.00137931   21.4873
0.00137741   21.5021
0.00137552   21.5169
0.00137363   21.5317
0.00137174   21.5465
0.00136986   21.5613
0.00136799   21.576
0.00136612   21.5908
0.00136426   21.6056
0.0013624   21.6203
0.00136054   21.635
0.0013587   21.6497
0.00135685   21.6644
0.00135501   21.6791
0.00135318   21.6938
0.00135135   21.7085
0.00134953   21.7232
0.00134771   21.7378
0.0013459   21.7525
0.00134409   21.7671
0.00134228   21.7817
0.00134048   21.7964
0.00133869   21.811
0.0013369   21.8256
0.00133511   21.8402
0.00133333   21.8547
0.00133156   21.8693
0.00132979   21.8839
0.00132802   21.8984
0.00132626   21.913
0.0013245   21.9275
0.00132275   21.942
0.001321   21.9565
0.00131926   21.971
0.00131752   21.9855
0.00131579   22
0.00131406   22.0145
0.00131234   22.0289
0.00131062   22.0434
0.0013089   22.0578
0.00130719   22.0723
0.00130548   22.0867
0.00130378   22.1011
0.00130208   22.1155
0.00130039   22.1299
0.0012987   22.1443
0.00129702   22.1587
0.00129534   22.1731
0.00129366   22.1874
0.00129199   22.2018
0.00129032   22.2161
0.00128866   22.2304
0.001287   22.2448
0.00128535   22.2591
0.0012837   22.2734
0.00128205   22.2877
0.00128041   22.302
0.00127877   22.3162
0.00127714   22.3305
0.00127551   22.3448
0.00127389   22.359
0.00127226   22.3733
0.00127065   22.3875
0.00126904   22.4017
0.00126743   22.4159
0.00126582   22.4301
0.00126422   22.4443
0.00126263   22.4585
0.00126103   22.4727
0.00125945   22.4869
0.00125786   22.501
0.00125628   22.5152
0.00125471   22.5293
0.00125313   22.5434
0.00125156   22.5576
0.00125   22.5717
0.00124844   22.5858
0.00124688   22.5999
0.00124533   22.614
0.00124378   22.6281
0.00124224   22.6421
0.00124069   22.6562
0.00123916   22.6703
0.00123762   22.6843
0.00123609   22.6983
0.00123457   22.7124
0.00123305   22.7264
0.00123153   22.7404
0.00123001   22.7544
0.0012285   22.7684
0.00122699   22.7824
0.00122549   22.7963
0.00122399   22.8103
0.00122249   22.8243
0.001221   22.8382
0.00121951   22.8522
0.00121803   22.8661
0.00121655   22.88
0.00121507   22.8939
0.00121359   22.9079
0.00121212   22.9218
0.00121065   22.9356
0.00120919   22.9495
0.00120773   22.9634
0.00120627   22.9773
0.00120482   22.9911
0.00120337   23.005
0.00120192   23.0188
0.00120048   23.0326
0.00119904   23.0465
0.0011976   23.0603
0.00119617   23.0741
0.00119474   23.0879
0.00119332   23.1017
0.0011919   23.1155
0.00119048   23.1292
0.00118906   23.143
0.00118765   23.1568
0.00118624   23.1705
0.00118483   23.1843
0.00118343   23.198
0.00118203   23.2117
0.00118064   23.2254
0.00117925   23.2392
0.00117786   23.2529
0.00117647   23.2665
0.00117509   23.2802
0.00117371   23.2939
0.00117233   23.3076
0.00117096   23.3212
0.00116959   23.3349
0.00116822   23.3485
0.00116686   23.3622
0.0011655   23.3758
0.00116414   23.3894
0.00116279   23.403
0.00116144   23.4166
0.00116009   23.4302
0.00115875   23.4438
0.00115741   23.4574
0.00115607   23.471
0.00115473   23.4846
0.0011534   23.4981
0.00115207   23.5117
0.00115075   23.5252
0.00114943   23.5387
0.00114811   23.5523
0.00114679   23.5658
0.00114548   23.5793
0.00114416   23.5928
0.00114286   23.6063
0.00114155   23.6198
0.00114025   23.6333
0.00113895   23.6467
0.00113766   23.6602
0.00113636   23.6737
0.00113507   23.6871
0.00113379   23.7006
0.0011325   23.714
0.00113122   23.7274
0.00112994   23.7408
0.00112867   23.7543
0.0011274   23.7677
0.00112613   23.7811
0.00112486   23.7944
0.0011236   23.8078
0.00112233   23.8212
0.00112108   23.8346
0.00111982   23.8479
0.00111857   23.8613
0.00111732   23.8746
0.00111607   23.888
0.00111483   23.9013
0.00111359   23.9146
0.00111235   23.9279
0.00111111   23.9412
0.00110988   23.9545
0.00110865   23.9678
0.00110742   23.9811
0.00110619   23.9944
0.00110497   24.0077
0.00110375   24.0209
0.00110254   24.0342
0.00110132   24.0474
0.00110011   24.0607
0.0010989   24.0739
0.00109769   24.0871
0.00109649   24.1004
0.00109529   24.1136
0.00109409   24.1268
0.0010929   24.14
0.0010917   24.1532
0.00109051   24.1663
0.00108932   24.1795
0.00108814   24.1927
0.00108696   24.2058
0.00108578   24.219
0.0010846   24.2321
0.00108342   24.2453
0.00108225   24.2584
0.00108108   24.2715
0.00107991   24.2847
0.00107875   24.2978
0.00107759   24.3109
0.00107643   24.324
0.00107527   24.3371
0.00107411   24.3502
0.00107296   24.3632
0.00107181   24.3763
0.00107066   24.3894
0.00106952   24.4024
0.00106838   24.4155
0.00106724   24.4285
0.0010661   24.4415
0.00106496   24.4546
0.00106383   24.4676
0.0010627   24.4806
0.00106157   24.4936
0.00106045   24.5066
0.00105932   24.5196
0.0010582   24.5326
0.00105708   24.5456
0.00105597   24.5585
0.00105485   24.5715
0.00105374   24.5845
0.00105263   24.5974
0.00105152   24.6104
0.00105042   24.6233
0.00104932   24.6362
0.00104822   24.6492
0.00104712   24.6621
0.00104603   24.675
0.00104493   24.6879
0.00104384   24.7008
0.00104275   24.7137
0.00104167   24.7266
0.00104058   24.7394
0.0010395   24.7523
0.00103842   24.7652
0.00103734   24.778
0.00103627   24.7909
0.0010352   24.8037
0.00103413   24.8166
0.00103306   24.8294
0.00103199   24.8422
0.00103093   24.855
0.00102987   24.8679
0.00102881   24.8807
0.00102775   24.8935
0.00102669   24.9062
0.00102564   24.919
0.00102459   24.9318
0.00102354   24.9446
0.00102249   24.9573
0.00102145   24.9701
0.00102041   24.9829
0.00101937   24.9956
0.00101833   25.0083
0.00101729   25.0211
0.00101626   25.0338
0.00101523   25.0465
0.0010142   25.0592
0.00101317   25.0719
0.00101215   25.0846
0.00101112   25.0973
0.0010101   25.11
0.00100908   25.1227
0.00100806   25.1354
0.00100705   25.148
0.00100604   25.1607
0.00100503   25.1734
0.00100402   25.186
0.00100301   25.1987
0.001002   25.2113
0.001001   25.2239
