0.1 5.738927679521666e-05
0.05 4.6783771634473226e-06
0.025 3.300113822213291e-07
0.0125 2.1860046661714705e-08
0.00625 1.405782601437977e-09
0.003125 8.910960858088401e-11
0.0015625 5.6061821851471905e-12
0.00078125 3.459454944731988e-13
0.000390625 2.4424906541753444e-14
0.0001953125 4.884981308350689e-15
9.765625e-05 7.993605777301127e-15
4.8828125e-05 0.0
2.44140625e-05 4.884981308350689e-14
1.220703125e-05 2.6645352591003757e-15
6.103515625e-06 5.595524044110789e-14
3.0517578125e-06 4.263256414560601e-14
1.52587890625e-06 3.108624468950438e-14
