0.1 0.124539368359045
0.05 0.06498412331462378
0.025 0.03321799006907167
0.0125 0.016796887705706975
0.00625 0.00844625215126893
0.003125 0.004235184751367971
0.0015625 0.002120620511037785
0.00078125 0.0010610689815901964
0.000390625 0.0005307243844083764
0.0001953125 0.00026540969216171106
9.765625e-05 0.00013271672436676596
4.8828125e-05 6.636133217741147e-05
2.44140625e-05 3.3181408652716016e-05
1.220703125e-05 1.6590890000056646e-05
6.103515625e-06 8.295491416010492e-06
3.0517578125e-06 4.147757330486002e-06
1.52587890625e-06 2.073881685937806e-06
