0.1 2.0843238792700447e-06
0.05 1.3580270996627064e-07
0.025 8.666190431938503e-09
0.0125 5.473057562710437e-10
0.00625 3.43853834294805e-11
0.003125 2.1538326677728037e-12
0.0015625 1.3589129821411916e-13
0.00078125 1.1546319456101628e-14
0.000390625 3.552713678800501e-15
0.0001953125 3.1086244689504383e-15
9.765625e-05 7.993605777301127e-15
4.8828125e-05 0.0
2.44140625e-05 4.707345624410664e-14
1.220703125e-05 2.220446049250313e-15
6.103515625e-06 5.595524044110789e-14
3.0517578125e-06 4.263256414560601e-14
1.52587890625e-06 3.108624468950438e-14
