600.452253      126.0661505
300.2261265      103.1835556
150.1130633      80.27532231
75.05653163      57.27259901
37.52826581      33.99047405
18.76413291      10.24271831
9.382066453      -13.84256267
4.691033227      -34.79089042
2.345516613      -36.73680057
1.172758307      -36.04365339
0.5863791533      -inf
0.2931895767      -37.42994775
0.1465947883      -38.12309493
0.07329739417      -38.81624211
0.03664869708      -inf
0.01832434854      -40.20253647
0.009162174271      -inf
0.004581087135      -inf
0.002290543568      -42.28197801
0.001145271784      -42.97512519
0.0005726358919      -43.66827238
0.000286317946      -inf
0.000143158973      -inf
7.157948649e-05      -inf
3.578974324e-05      -inf
1.789487162e-05      -inf
8.947435811e-06      -inf
4.473717906e-06      -inf
2.236858953e-06      -inf
1.118429476e-06      -inf
5.592147382e-07      -inf
2.796073691e-07      -inf
1.398036845e-07      -inf
6.990184227e-08      -inf
3.495092114e-08      -inf
1.747546057e-08      -inf
8.737730284e-09      -inf
4.368865142e-09      -inf
2.184432571e-09      -inf
1.092216286e-09      -inf
5.461081428e-10      -inf
2.730540714e-10      -inf
1.365270357e-10      -inf
6.826351785e-11      -inf
3.413175892e-11      -inf
1.706587946e-11      -inf
8.532939731e-12      -inf
4.266469865e-12      -inf
2.133234933e-12      -inf
1.066617466e-12      -inf
5.333087332e-13      -inf
2.666543666e-13      -inf
1.333271833e-13      -inf
6.666359165e-14      -inf
3.333179582e-14      -inf
1.666589791e-14      -inf
8.332948956e-15      -inf
4.166474478e-15      -inf
2.083237239e-15      -inf
1.041618619e-15      -inf
5.208093097e-16      -inf
2.604046549e-16      -inf
1.302023274e-16      -inf
