0      17.54846549
-0.6931471806      16.13713479
-1.386294361      14.74458812
-2.079441542      13.35673111
-2.772588722      11.97004611
-3.465735903      10.5836541
-4.158883083      9.197335334
-4.852030264      7.811034926
-5.545177444      6.424742988
-6.238324625      5.038450407
-6.931471806      3.65299861
-7.624618986      2.260742758
-8.317766167      0.9517388464
-9.010913347      -0.5272773433
-9.704060528      2.434471783
-10.39720771      2.434471783
-11.09035489      4.758665306
-11.78350207      4.937417727
-12.47664925      7.554120138
-13.16979643      7.690473379
-13.86294361      7.690473379
-14.55609079      11.05640793
-15.24923797      12.69309498
-15.94238515      14.13328667
-16.63553233      14.13328667
-17.32867951      16.55008242
-18.02182669      17.76107891
