0      15.5896498
-0.6931471806      12.74993422
-1.386294361      9.960593946
-2.079441542      7.183819296
-2.772588722      4.410183988
-3.465735903      1.637329052
-4.158883083      -1.136078427
-4.852030264      -3.96104482
-5.545177444      -5.003615674
-6.238324625      -3.917175129
-6.931471806      -3.612741808
-7.624618986      -0.5272773433
-8.317766167      0.7372644066
-9.010913347      2.026859222
-9.704060528      2.434471783
-10.39720771      5.103458807
-11.09035489      6.07899502
-11.78350207      7.24178898
-12.47664925      9.524025677
-13.16979643      9.220349138
-13.86294361      11.63071375
-14.55609079      13.4385463
-15.24923797      14.30789473
-15.94238515      16.09407716
-16.63553233      16.92213948
-17.32867951      16.98484967
-18.02182669      18.59307469
