0.214602   1.570796
0.051941   0.785398
0.022951   0.523599
0.012884   0.392699
0.008238   0.314159
0.005718   0.261799
0.004200   0.224399
0.003215   0.196350
0.002540   0.174533
0.002057   0.157080
0.001700   0.142800
0.001428   0.130900
0.001217   0.120830
0.001049   0.112200
0.000914   0.104720
0.000803   0.098175
0.000712   0.092400
0.000635   0.087266
0.000570   0.082673
0.000514   0.078540
0.000466   0.074800
0.000425   0.071400
0.000389   0.068295
0.000357   0.065450
0.000329   0.062832
0.000304   0.060415
0.000282   0.058178
0.000262   0.056100
0.000244   0.054165
0.000228   0.052360
0.000214   0.050671
0.000201   0.049087
0.000189   0.047600
0.000178   0.046200
0.000168   0.044880
0.000159   0.043633
0.000150   0.042454
0.000142   0.041337
0.000135   0.040277
0.000128   0.039270
0.000122   0.038312
0.000117   0.037400
0.000111   0.036530
0.000106   0.035700
0.000102   0.034907
0.000097   0.034148
0.000093   0.033421
0.000089   0.032725
0.000086   0.032057
0.000082   0.031416
0.000079   0.030800
0.000076   0.030208
0.000073   0.029638
0.000070   0.029089
0.000068   0.028560
0.000066   0.028050
0.000063   0.027558
0.000061   0.027083
0.000059   0.026624
0.000057   0.026180
0.000055   0.025751
0.000053   0.025335
0.000052   0.024933
0.000050   0.024544
0.000049   0.024166
0.000047   0.023800
0.000046   0.023445
0.000044   0.023100
0.000043   0.022765
0.000042   0.022440
0.000041   0.022124
0.000040   0.021817
0.000038   0.021518
0.000038   0.021227
0.000037   0.020944
0.000036   0.020668
0.000035   0.020400
0.000034   0.020138
0.000033   0.019883
0.000032   0.019635
0.000031   0.019393
0.000031   0.019156
0.000030   0.018925
0.000029   0.018700
0.000029   0.018480
0.000028   0.018265
0.000027   0.018055
0.000027   0.017850
0.000026   0.017649
0.000025   0.017453
0.000025   0.017261
0.000024   0.017074
0.000024   0.016890
0.000023   0.016711
0.000023   0.016535
0.000022   0.016362
0.000022   0.016194
0.000021   0.016029
0.000021   0.015867
0.000020   0.015708
0.000020   0.015552
0.000020   0.015400
0.000019   0.015250
0.000019   0.015104
0.000019   0.014960
0.000018   0.014819
0.000018   0.014680
0.000018   0.014544
0.000017   0.014411
0.000017   0.014280
0.000017   0.014151
0.000016   0.014025
0.000016   0.013901
0.000016   0.013779
0.000016   0.013659
0.000015   0.013541
0.000015   0.013426
0.000015   0.013312
0.000015   0.013200
0.000014   0.013090
0.000014   0.012982
0.000014   0.012875
0.000013   0.012771
0.000013   0.012668
0.000013   0.012566
0.000013   0.012467
0.000013   0.012368
0.000012   0.012272
0.000012   0.012177
0.000012   0.012083
0.000012   0.011991
0.000012   0.011900
0.000012   0.011810
0.000012   0.011722
0.000011   0.011636
0.000011   0.011550
0.000011   0.011466
0.000011   0.011383
0.000011   0.011301
0.000011   0.011220
0.000010   0.011140
0.000010   0.011062
0.000010   0.010985
0.000010   0.010908
0.000010   0.010833
0.000010   0.010759
0.000010   0.010686
0.000009   0.010613
0.000009   0.010542
0.000009   0.010472
0.000009   0.010403
0.000009   0.010334
0.000009   0.010267
0.000009   0.010200
0.000009   0.010134
0.000009   0.010069
0.000008   0.010005
0.000008   0.009942
0.000008   0.009879
0.000008   0.009817
0.000008   0.009756
0.000008   0.009696
0.000008   0.009637
0.000008   0.009578
0.000007   0.009520
0.000007   0.009463
0.000007   0.009406
0.000007   0.009350
0.000007   0.009295
0.000007   0.009240
0.000007   0.009186
0.000007   0.009133
0.000007   0.009080
0.000007   0.009028
0.000007   0.008976
0.000007   0.008925
0.000006   0.008875
0.000007   0.008825
0.000006   0.008775
0.000006   0.008727
0.000006   0.008678
0.000006   0.008631
0.000006   0.008584
0.000006   0.008537
0.000006   0.008491
0.000006   0.008445
0.000006   0.008400
0.000006   0.008355
0.000006   0.008311
0.000006   0.008267
0.000006   0.008224
0.000005   0.008181
0.000005   0.008139
0.000005   0.008097
0.000005   0.008055
0.000005   0.008014
0.000005   0.007974
0.000005   0.007933
0.000005   0.007893
0.000005   0.007854
0.000005   0.007815
0.000005   0.007776
0.000005   0.007738
0.000005   0.007700
0.000005   0.007662
0.000005   0.007625
0.000005   0.007588
0.000005   0.007552
0.000005   0.007516
0.000005   0.007480
0.000005   0.007445
0.000005   0.007409
0.000005   0.007375
0.000004   0.007340
0.000004   0.007306
0.000005   0.007272
0.000004   0.007239
0.000004   0.007205
0.000004   0.007173
0.000004   0.007140
0.000004   0.007108
0.000004   0.007076
0.000004   0.007044
0.000004   0.007012
0.000004   0.006981
0.000004   0.006950
0.000004   0.006920
0.000004   0.006889
0.000004   0.006859
0.000004   0.006830
0.000004   0.006800
0.000004   0.006771
0.000004   0.006742
0.000004   0.006713
0.000004   0.006684
0.000003   0.006656
0.000004   0.006628
0.000004   0.006600
0.000004   0.006572
0.000004   0.006545
0.000004   0.006518
0.000003   0.006491
0.000004   0.006464
0.000003   0.006438
0.000004   0.006411
0.000004   0.006385
0.000003   0.006359
0.000003   0.006334
0.000003   0.006308
0.000003   0.006283
0.000003   0.006258
0.000003   0.006233
0.000003   0.006209
0.000003   0.006184
0.000003   0.006160
0.000003   0.006136
0.000003   0.006112
0.000004   0.006088
0.000003   0.006065
0.000003   0.006042
0.000003   0.006018
0.000004   0.005995
0.000003   0.005973
0.000003   0.005950
0.000003   0.005928
0.000003   0.005905
0.000003   0.005883
0.000003   0.005861
0.000003   0.005839
0.000003   0.005818
0.000003   0.005796
0.000003   0.005775
0.000003   0.005754
0.000003   0.005733
0.000002   0.005712
0.000003   0.005691
0.000003   0.005671
0.000003   0.005650
0.000003   0.005630
0.000003   0.005610
0.000003   0.005590
0.000002   0.005570
0.000003   0.005551
0.000003   0.005531
0.000002   0.005512
0.000003   0.005492
0.000003   0.005473
0.000002   0.005454
0.000002   0.005435
0.000002   0.005417
0.000002   0.005398
0.000003   0.005379
0.000002   0.005361
0.000002   0.005343
0.000002   0.005325
0.000002   0.005307
0.000002   0.005289
0.000002   0.005271
0.000002   0.005253
0.000002   0.005236
0.000003   0.005219
0.000002   0.005201
0.000002   0.005184
0.000002   0.005167
0.000002   0.005150
0.000002   0.005133
0.000002   0.005117
0.000002   0.005100
0.000002   0.005083
0.000002   0.005067
0.000002   0.005051
0.000002   0.005035
0.000002   0.005019
0.000002   0.005003
0.000002   0.004987
0.000002   0.004971
0.000002   0.004955
0.000002   0.004940
0.000002   0.004924
0.000002   0.004909
0.000002   0.004893
0.000002   0.004878
0.000002   0.004863
0.000001   0.004848
0.000002   0.004833
0.000002   0.004818
0.000002   0.004804
0.000002   0.004789
0.000002   0.004774
0.000002   0.004760
0.000002   0.004746
0.000002   0.004731
0.000002   0.004717
0.000002   0.004703
0.000002   0.004689
0.000002   0.004675
0.000002   0.004661
0.000002   0.004647
0.000002   0.004634
0.000001   0.004620
0.000002   0.004606
0.000002   0.004593
0.000001   0.004580
0.000002   0.004566
0.000001   0.004553
0.000001   0.004540
0.000002   0.004527
0.000002   0.004514
0.000001   0.004501
0.000002   0.004488
0.000002   0.004475
0.000002   0.004462
0.000002   0.004450
0.000002   0.004437
0.000002   0.004425
0.000001   0.004412
0.000001   0.004400
